solid 
 facet normal -8.621344e-12  8.621344e-12 -1.000000e+00
   outer loop
     vertex  2.429483e-01  2.439000e-01  8.657407e-02
     vertex  2.403483e-01  2.413000e-01  8.657407e-02
     vertex  2.400000e-01  2.426000e-01  8.657407e-02
   endloop
 endfacet
 facet normal  8.621344e-12 -8.621344e-12 -1.000000e+00
   outer loop
     vertex  2.439000e-01  2.429483e-01  8.657407e-02
     vertex  2.426000e-01  2.400000e-01  8.657407e-02
     vertex  2.413000e-01  2.403483e-01  8.657407e-02
   endloop
 endfacet
 facet normal  0.000000e+00  0.000000e+00 -1.000000e+00
   outer loop
     vertex  2.439000e-01  2.429483e-01  8.657407e-02
     vertex  2.413000e-01  2.403483e-01  8.657407e-02
     vertex  2.403483e-01  2.413000e-01  8.657407e-02
   endloop
 endfacet
 facet normal -0.000000e+00  0.000000e+00 -1.000000e+00
   outer loop
     vertex  2.439000e-01  2.429483e-01  8.657407e-02
     vertex  2.403483e-01  2.413000e-01  8.657407e-02
     vertex  2.429483e-01  2.439000e-01  8.657407e-02
   endloop
 endfacet
 facet normal -8.621344e-12  8.621344e-12 -1.000000e+00
   outer loop
     vertex  2.426000e-01  2.452000e-01  8.657407e-02
     vertex  2.429483e-01  2.439000e-01  8.657407e-02
     vertex  2.400000e-01  2.426000e-01  8.657407e-02
   endloop
 endfacet
 facet normal  8.621344e-12 -8.621344e-12 -1.000000e+00
   outer loop
     vertex  2.452000e-01  2.426000e-01  8.657407e-02
     vertex  2.426000e-01  2.400000e-01  8.657407e-02
     vertex  2.439000e-01  2.429483e-01  8.657407e-02
   endloop
 endfacet
 facet normal -0.000000e+00  0.000000e+00 -1.000000e+00
   outer loop
     vertex  2.848000e-01  2.426000e-01  8.657407e-02
     vertex  2.426000e-01  2.400000e-01  8.657407e-02
     vertex  2.452000e-01  2.426000e-01  8.657407e-02
   endloop
 endfacet
 facet normal  0.000000e+00  0.000000e+00 -1.000000e+00
   outer loop
     vertex  2.874000e-01  2.400000e-01  8.657407e-02
     vertex  2.426000e-01  2.400000e-01  8.657407e-02
     vertex  2.848000e-01  2.426000e-01  8.657407e-02
   endloop
 endfacet
 facet normal  0.000000e+00  0.000000e+00 -1.000000e+00
   outer loop
     vertex  2.400000e-01  2.874000e-01  8.657407e-02
     vertex  2.426000e-01  2.452000e-01  8.657407e-02
     vertex  2.400000e-01  2.426000e-01  8.657407e-02
   endloop
 endfacet
 facet normal -0.000000e+00 -0.000000e+00 -1.000000e+00
   outer loop
     vertex  2.426000e-01  2.848000e-01  8.657407e-02
     vertex  2.426000e-01  2.452000e-01  8.657407e-02
     vertex  2.400000e-01  2.874000e-01  8.657407e-02
   endloop
 endfacet
 facet normal -8.621344e-12 -8.621344e-12 -1.000000e+00
   outer loop
     vertex  2.861000e-01  2.429483e-01  8.657407e-02
     vertex  2.874000e-01  2.400000e-01  8.657407e-02
     vertex  2.848000e-01  2.426000e-01  8.657407e-02
   endloop
 endfacet
 facet normal -8.621344e-12 -8.621344e-12 -1.000000e+00
   outer loop
     vertex  2.887000e-01  2.403483e-01  8.657407e-02
     vertex  2.874000e-01  2.400000e-01  8.657407e-02
     vertex  2.861000e-01  2.429483e-01  8.657407e-02
   endloop
 endfacet
 facet normal -8.621344e-12 -8.621344e-12 -1.000000e+00
   outer loop
     vertex  2.429483e-01  2.861000e-01  8.657407e-02
     vertex  2.400000e-01  2.874000e-01  8.657407e-02
     vertex  2.403483e-01  2.887000e-01  8.657407e-02
   endloop
 endfacet
 facet normal -8.621344e-12 -8.621344e-12 -1.000000e+00
   outer loop
     vertex  2.429483e-01  2.861000e-01  8.657407e-02
     vertex  2.426000e-01  2.848000e-01  8.657407e-02
     vertex  2.400000e-01  2.874000e-01  8.657407e-02
   endloop
 endfacet
 facet normal  0.000000e+00  0.000000e+00 -1.000000e+00
   outer loop
     vertex  2.870517e-01  2.439000e-01  8.657407e-02
     vertex  2.896517e-01  2.413000e-01  8.657407e-02
     vertex  2.887000e-01  2.403483e-01  8.657407e-02
   endloop
 endfacet
 facet normal  0.000000e+00 -0.000000e+00 -1.000000e+00
   outer loop
     vertex  2.870517e-01  2.439000e-01  8.657407e-02
     vertex  2.887000e-01  2.403483e-01  8.657407e-02
     vertex  2.861000e-01  2.429483e-01  8.657407e-02
   endloop
 endfacet
 facet normal  0.000000e+00  0.000000e+00 -1.000000e+00
   outer loop
     vertex  2.439000e-01  2.870517e-01  8.657407e-02
     vertex  2.403483e-01  2.887000e-01  8.657407e-02
     vertex  2.413000e-01  2.896517e-01  8.657407e-02
   endloop
 endfacet
 facet normal -0.000000e+00  0.000000e+00 -1.000000e+00
   outer loop
     vertex  2.439000e-01  2.870517e-01  8.657407e-02
     vertex  2.429483e-01  2.861000e-01  8.657407e-02
     vertex  2.403483e-01  2.887000e-01  8.657407e-02
   endloop
 endfacet
 facet normal  8.621344e-12  8.621344e-12 -1.000000e+00
   outer loop
     vertex  2.426000e-01  2.900000e-01  8.657407e-02
     vertex  2.439000e-01  2.870517e-01  8.657407e-02
     vertex  2.413000e-01  2.896517e-01  8.657407e-02
   endloop
 endfacet
 facet normal  8.621344e-12  8.621344e-12 -1.000000e+00
   outer loop
     vertex  2.900000e-01  2.426000e-01  8.657407e-02
     vertex  2.896517e-01  2.413000e-01  8.657407e-02
     vertex  2.870517e-01  2.439000e-01  8.657407e-02
   endloop
 endfacet
 facet normal  8.621344e-12  8.621344e-12 -1.000000e+00
   outer loop
     vertex  2.874000e-01  2.452000e-01  8.657407e-02
     vertex  2.900000e-01  2.426000e-01  8.657407e-02
     vertex  2.870517e-01  2.439000e-01  8.657407e-02
   endloop
 endfacet
 facet normal  8.621344e-12  8.621344e-12 -1.000000e+00
   outer loop
     vertex  2.452000e-01  2.874000e-01  8.657407e-02
     vertex  2.439000e-01  2.870517e-01  8.657407e-02
     vertex  2.426000e-01  2.900000e-01  8.657407e-02
   endloop
 endfacet
 facet normal  0.000000e+00  0.000000e+00 -1.000000e+00
   outer loop
     vertex  2.874000e-01  2.848000e-01  8.657407e-02
     vertex  2.900000e-01  2.426000e-01  8.657407e-02
     vertex  2.874000e-01  2.452000e-01  8.657407e-02
   endloop
 endfacet
 facet normal  8.621344e-12 -8.621344e-12 -1.000000e+00
   outer loop
     vertex  2.900000e-01  2.874000e-01  8.657407e-02
     vertex  2.874000e-01  2.848000e-01  8.657407e-02
     vertex  2.870517e-01  2.861000e-01  8.657407e-02
   endloop
 endfacet
 facet normal  0.000000e+00 -0.000000e+00 -1.000000e+00
   outer loop
     vertex  2.900000e-01  2.874000e-01  8.657407e-02
     vertex  2.900000e-01  2.426000e-01  8.657407e-02
     vertex  2.874000e-01  2.848000e-01  8.657407e-02
   endloop
 endfacet
 facet normal  0.000000e+00  0.000000e+00 -1.000000e+00
   outer loop
     vertex  2.874000e-01  2.900000e-01  8.657407e-02
     vertex  2.848000e-01  2.874000e-01  8.657407e-02
     vertex  2.452000e-01  2.874000e-01  8.657407e-02
   endloop
 endfacet
 facet normal -8.621344e-12  8.621344e-12 -1.000000e+00
   outer loop
     vertex  2.874000e-01  2.900000e-01  8.657407e-02
     vertex  2.861000e-01  2.870517e-01  8.657407e-02
     vertex  2.848000e-01  2.874000e-01  8.657407e-02
   endloop
 endfacet
 facet normal -0.000000e+00  0.000000e+00 -1.000000e+00
   outer loop
     vertex  2.874000e-01  2.900000e-01  8.657407e-02
     vertex  2.452000e-01  2.874000e-01  8.657407e-02
     vertex  2.426000e-01  2.900000e-01  8.657407e-02
   endloop
 endfacet
 facet normal -8.621344e-12  8.621344e-12 -1.000000e+00
   outer loop
     vertex  2.887000e-01  2.896517e-01  8.657407e-02
     vertex  2.861000e-01  2.870517e-01  8.657407e-02
     vertex  2.874000e-01  2.900000e-01  8.657407e-02
   endloop
 endfacet
 facet normal  0.000000e+00  0.000000e+00 -1.000000e+00
   outer loop
     vertex  2.896517e-01  2.887000e-01  8.657407e-02
     vertex  2.870517e-01  2.861000e-01  8.657407e-02
     vertex  2.861000e-01  2.870517e-01  8.657407e-02
   endloop
 endfacet
 facet normal  8.621344e-12 -8.621344e-12 -1.000000e+00
   outer loop
     vertex  2.896517e-01  2.887000e-01  8.657407e-02
     vertex  2.900000e-01  2.874000e-01  8.657407e-02
     vertex  2.870517e-01  2.861000e-01  8.657407e-02
   endloop
 endfacet
 facet normal -0.000000e+00  0.000000e+00 -1.000000e+00
   outer loop
     vertex  2.896517e-01  2.887000e-01  8.657407e-02
     vertex  2.861000e-01  2.870517e-01  8.657407e-02
     vertex  2.887000e-01  2.896517e-01  8.657407e-02
   endloop
 endfacet
 facet normal -1.000000e+00  0.000000e+00  0.000000e+00
   outer loop
     vertex  2.874000e-01  2.452000e-01  8.865741e-01
     vertex  2.874000e-01  2.848000e-01  8.865741e-01
     vertex  2.874000e-01  2.848000e-01  8.657407e-02
   endloop
 endfacet
 facet normal -1.000000e+00  0.000000e+00 -0.000000e+00
   outer loop
     vertex  2.874000e-01  2.452000e-01  8.865741e-01
     vertex  2.874000e-01  2.848000e-01  8.657407e-02
     vertex  2.874000e-01  2.452000e-01  8.657407e-02
   endloop
 endfacet
 facet normal -2.588190e-01  9.659258e-01 -1.372663e-13
   outer loop
     vertex  2.861000e-01  2.429483e-01  8.865741e-01
     vertex  2.861000e-01  2.429483e-01  8.657407e-02
     vertex  2.848000e-01  2.426000e-01  8.657407e-02
   endloop
 endfacet
 facet normal -2.588190e-01  9.659258e-01 -6.863314e-14
   outer loop
     vertex  2.861000e-01  2.429483e-01  8.865741e-01
     vertex  2.848000e-01  2.426000e-01  8.657407e-02
     vertex  2.848000e-01  2.426000e-01  8.865741e-01
   endloop
 endfacet
 facet normal -7.071068e-01  7.071068e-01 -1.004859e-13
   outer loop
     vertex  2.870517e-01  2.439000e-01  8.865741e-01
     vertex  2.870517e-01  2.439000e-01  8.657407e-02
     vertex  2.861000e-01  2.429483e-01  8.657407e-02
   endloop
 endfacet
 facet normal -7.071068e-01  7.071068e-01 -1.004859e-13
   outer loop
     vertex  2.870517e-01  2.439000e-01  8.865741e-01
     vertex  2.861000e-01  2.429483e-01  8.657407e-02
     vertex  2.861000e-01  2.429483e-01  8.865741e-01
   endloop
 endfacet
 facet normal -9.659258e-01  2.588190e-01 -1.839020e-14
   outer loop
     vertex  2.874000e-01  2.452000e-01  8.865741e-01
     vertex  2.874000e-01  2.452000e-01  8.657407e-02
     vertex  2.870517e-01  2.439000e-01  8.657407e-02
   endloop
 endfacet
 facet normal -9.659258e-01  2.588190e-01 -3.678038e-14
   outer loop
     vertex  2.874000e-01  2.452000e-01  8.865741e-01
     vertex  2.870517e-01  2.439000e-01  8.657407e-02
     vertex  2.870517e-01  2.439000e-01  8.865741e-01
   endloop
 endfacet
 facet normal  0.000000e+00  1.000000e+00 -7.105427e-14
   outer loop
     vertex  2.452000e-01  2.426000e-01  8.865741e-01
     vertex  2.848000e-01  2.426000e-01  8.865741e-01
     vertex  2.848000e-01  2.426000e-01  8.657407e-02
   endloop
 endfacet
 facet normal  0.000000e+00  1.000000e+00 -7.105427e-14
   outer loop
     vertex  2.452000e-01  2.426000e-01  8.865741e-01
     vertex  2.848000e-01  2.426000e-01  8.657407e-02
     vertex  2.452000e-01  2.426000e-01  8.657407e-02
   endloop
 endfacet
 facet normal  9.659258e-01  2.588190e-01 -3.678040e-14
   outer loop
     vertex  2.429483e-01  2.439000e-01  8.865741e-01
     vertex  2.429483e-01  2.439000e-01  8.657407e-02
     vertex  2.426000e-01  2.452000e-01  8.657407e-02
   endloop
 endfacet
 facet normal  9.659258e-01  2.588190e-01 -1.839021e-14
   outer loop
     vertex  2.429483e-01  2.439000e-01  8.865741e-01
     vertex  2.426000e-01  2.452000e-01  8.657407e-02
     vertex  2.426000e-01  2.452000e-01  8.865741e-01
   endloop
 endfacet
 facet normal  7.071068e-01  7.071068e-01 -1.004859e-13
   outer loop
     vertex  2.439000e-01  2.429483e-01  8.865741e-01
     vertex  2.439000e-01  2.429483e-01  8.657407e-02
     vertex  2.429483e-01  2.439000e-01  8.657407e-02
   endloop
 endfacet
 facet normal  7.071068e-01  7.071068e-01 -1.004860e-13
   outer loop
     vertex  2.439000e-01  2.429483e-01  8.865741e-01
     vertex  2.429483e-01  2.439000e-01  8.657407e-02
     vertex  2.429483e-01  2.439000e-01  8.865741e-01
   endloop
 endfacet
 facet normal  2.588190e-01  9.659258e-01 -6.863316e-14
   outer loop
     vertex  2.452000e-01  2.426000e-01  8.865741e-01
     vertex  2.452000e-01  2.426000e-01  8.657407e-02
     vertex  2.439000e-01  2.429483e-01  8.657407e-02
   endloop
 endfacet
 facet normal  2.588190e-01  9.659258e-01 -1.372663e-13
   outer loop
     vertex  2.452000e-01  2.426000e-01  8.865741e-01
     vertex  2.439000e-01  2.429483e-01  8.657407e-02
     vertex  2.439000e-01  2.429483e-01  8.865741e-01
   endloop
 endfacet
 facet normal  1.000000e+00  0.000000e+00  0.000000e+00
   outer loop
     vertex  2.426000e-01  2.452000e-01  8.865741e-01
     vertex  2.426000e-01  2.452000e-01  8.657407e-02
     vertex  2.426000e-01  2.848000e-01  8.657407e-02
   endloop
 endfacet
 facet normal  1.000000e+00  0.000000e+00  0.000000e+00
   outer loop
     vertex  2.426000e-01  2.848000e-01  8.865741e-01
     vertex  2.426000e-01  2.452000e-01  8.865741e-01
     vertex  2.426000e-01  2.848000e-01  8.657407e-02
   endloop
 endfacet
 facet normal -8.621344e-12  8.621344e-12  1.000000e+00
   outer loop
     vertex  2.439000e-01  2.429483e-01  8.865741e-01
     vertex  2.413000e-01  2.403483e-01  8.865741e-01
     vertex  2.426000e-01  2.400000e-01  8.865741e-01
   endloop
 endfacet
 facet normal  8.621344e-12 -8.621344e-12  1.000000e+00
   outer loop
     vertex  2.429483e-01  2.439000e-01  8.865741e-01
     vertex  2.400000e-01  2.426000e-01  8.865741e-01
     vertex  2.403483e-01  2.413000e-01  8.865741e-01
   endloop
 endfacet
 facet normal  0.000000e+00  0.000000e+00  1.000000e+00
   outer loop
     vertex  2.429483e-01  2.439000e-01  8.865741e-01
     vertex  2.403483e-01  2.413000e-01  8.865741e-01
     vertex  2.413000e-01  2.403483e-01  8.865741e-01
   endloop
 endfacet
 facet normal  0.000000e+00  0.000000e+00  1.000000e+00
   outer loop
     vertex  2.429483e-01  2.439000e-01  8.865741e-01
     vertex  2.413000e-01  2.403483e-01  8.865741e-01
     vertex  2.439000e-01  2.429483e-01  8.865741e-01
   endloop
 endfacet
 facet normal  8.621344e-12 -8.621344e-12  1.000000e+00
   outer loop
     vertex  2.426000e-01  2.452000e-01  8.865741e-01
     vertex  2.400000e-01  2.426000e-01  8.865741e-01
     vertex  2.429483e-01  2.439000e-01  8.865741e-01
   endloop
 endfacet
 facet normal -8.621344e-12  8.621344e-12  1.000000e+00
   outer loop
     vertex  2.452000e-01  2.426000e-01  8.865741e-01
     vertex  2.439000e-01  2.429483e-01  8.865741e-01
     vertex  2.426000e-01  2.400000e-01  8.865741e-01
   endloop
 endfacet
 facet normal  0.000000e+00  0.000000e+00  1.000000e+00
   outer loop
     vertex  2.400000e-01  2.874000e-01  8.865741e-01
     vertex  2.400000e-01  2.426000e-01  8.865741e-01
     vertex  2.426000e-01  2.452000e-01  8.865741e-01
   endloop
 endfacet
 facet normal  0.000000e+00  0.000000e+00  1.000000e+00
   outer loop
     vertex  2.426000e-01  2.848000e-01  8.865741e-01
     vertex  2.400000e-01  2.874000e-01  8.865741e-01
     vertex  2.426000e-01  2.452000e-01  8.865741e-01
   endloop
 endfacet
 facet normal  0.000000e+00  0.000000e+00  1.000000e+00
   outer loop
     vertex  2.848000e-01  2.426000e-01  8.865741e-01
     vertex  2.426000e-01  2.400000e-01  8.865741e-01
     vertex  2.874000e-01  2.400000e-01  8.865741e-01
   endloop
 endfacet
 facet normal  0.000000e+00  0.000000e+00  1.000000e+00
   outer loop
     vertex  2.848000e-01  2.426000e-01  8.865741e-01
     vertex  2.452000e-01  2.426000e-01  8.865741e-01
     vertex  2.426000e-01  2.400000e-01  8.865741e-01
   endloop
 endfacet
 facet normal  8.621344e-12  8.621344e-12  1.000000e+00
   outer loop
     vertex  2.861000e-01  2.429483e-01  8.865741e-01
     vertex  2.848000e-01  2.426000e-01  8.865741e-01
     vertex  2.874000e-01  2.400000e-01  8.865741e-01
   endloop
 endfacet
 facet normal  8.621344e-12  8.621344e-12  1.000000e+00
   outer loop
     vertex  2.429483e-01  2.861000e-01  8.865741e-01
     vertex  2.403483e-01  2.887000e-01  8.865741e-01
     vertex  2.400000e-01  2.874000e-01  8.865741e-01
   endloop
 endfacet
 facet normal  8.621344e-12  8.621344e-12  1.000000e+00
   outer loop
     vertex  2.429483e-01  2.861000e-01  8.865741e-01
     vertex  2.400000e-01  2.874000e-01  8.865741e-01
     vertex  2.426000e-01  2.848000e-01  8.865741e-01
   endloop
 endfacet
 facet normal  8.621344e-12  8.621344e-12  1.000000e+00
   outer loop
     vertex  2.887000e-01  2.403483e-01  8.865741e-01
     vertex  2.861000e-01  2.429483e-01  8.865741e-01
     vertex  2.874000e-01  2.400000e-01  8.865741e-01
   endloop
 endfacet
 facet normal  0.000000e+00  0.000000e+00  1.000000e+00
   outer loop
     vertex  2.896517e-01  2.413000e-01  8.865741e-01
     vertex  2.870517e-01  2.439000e-01  8.865741e-01
     vertex  2.861000e-01  2.429483e-01  8.865741e-01
   endloop
 endfacet
 facet normal  0.000000e+00  0.000000e+00  1.000000e+00
   outer loop
     vertex  2.896517e-01  2.413000e-01  8.865741e-01
     vertex  2.861000e-01  2.429483e-01  8.865741e-01
     vertex  2.887000e-01  2.403483e-01  8.865741e-01
   endloop
 endfacet
 facet normal  0.000000e+00  0.000000e+00  1.000000e+00
   outer loop
     vertex  2.413000e-01  2.896517e-01  8.865741e-01
     vertex  2.429483e-01  2.861000e-01  8.865741e-01
     vertex  2.439000e-01  2.870517e-01  8.865741e-01
   endloop
 endfacet
 facet normal  0.000000e+00  0.000000e+00  1.000000e+00
   outer loop
     vertex  2.413000e-01  2.896517e-01  8.865741e-01
     vertex  2.403483e-01  2.887000e-01  8.865741e-01
     vertex  2.429483e-01  2.861000e-01  8.865741e-01
   endloop
 endfacet
 facet normal -8.621344e-12 -8.621344e-12  1.000000e+00
   outer loop
     vertex  2.900000e-01  2.426000e-01  8.865741e-01
     vertex  2.870517e-01  2.439000e-01  8.865741e-01
     vertex  2.896517e-01  2.413000e-01  8.865741e-01
   endloop
 endfacet
 facet normal -8.621344e-12 -8.621344e-12  1.000000e+00
   outer loop
     vertex  2.426000e-01  2.900000e-01  8.865741e-01
     vertex  2.413000e-01  2.896517e-01  8.865741e-01
     vertex  2.439000e-01  2.870517e-01  8.865741e-01
   endloop
 endfacet
 facet normal -8.621344e-12 -8.621344e-12  1.000000e+00
   outer loop
     vertex  2.874000e-01  2.452000e-01  8.865741e-01
     vertex  2.870517e-01  2.439000e-01  8.865741e-01
     vertex  2.900000e-01  2.426000e-01  8.865741e-01
   endloop
 endfacet
 facet normal -8.621344e-12 -8.621344e-12  1.000000e+00
   outer loop
     vertex  2.452000e-01  2.874000e-01  8.865741e-01
     vertex  2.426000e-01  2.900000e-01  8.865741e-01
     vertex  2.439000e-01  2.870517e-01  8.865741e-01
   endloop
 endfacet
 facet normal  0.000000e+00  0.000000e+00  1.000000e+00
   outer loop
     vertex  2.874000e-01  2.848000e-01  8.865741e-01
     vertex  2.874000e-01  2.452000e-01  8.865741e-01
     vertex  2.900000e-01  2.426000e-01  8.865741e-01
   endloop
 endfacet
 facet normal -8.621344e-12  8.621344e-12  1.000000e+00
   outer loop
     vertex  2.900000e-01  2.874000e-01  8.865741e-01
     vertex  2.870517e-01  2.861000e-01  8.865741e-01
     vertex  2.874000e-01  2.848000e-01  8.865741e-01
   endloop
 endfacet
 facet normal  0.000000e+00  0.000000e+00  1.000000e+00
   outer loop
     vertex  2.900000e-01  2.874000e-01  8.865741e-01
     vertex  2.874000e-01  2.848000e-01  8.865741e-01
     vertex  2.900000e-01  2.426000e-01  8.865741e-01
   endloop
 endfacet
 facet normal  0.000000e+00  0.000000e+00  1.000000e+00
   outer loop
     vertex  2.874000e-01  2.900000e-01  8.865741e-01
     vertex  2.452000e-01  2.874000e-01  8.865741e-01
     vertex  2.848000e-01  2.874000e-01  8.865741e-01
   endloop
 endfacet
 facet normal  8.621344e-12 -8.621344e-12  1.000000e+00
   outer loop
     vertex  2.874000e-01  2.900000e-01  8.865741e-01
     vertex  2.848000e-01  2.874000e-01  8.865741e-01
     vertex  2.861000e-01  2.870517e-01  8.865741e-01
   endloop
 endfacet
 facet normal  0.000000e+00  0.000000e+00  1.000000e+00
   outer loop
     vertex  2.874000e-01  2.900000e-01  8.865741e-01
     vertex  2.426000e-01  2.900000e-01  8.865741e-01
     vertex  2.452000e-01  2.874000e-01  8.865741e-01
   endloop
 endfacet
 facet normal -8.621344e-12  8.621344e-12  1.000000e+00
   outer loop
     vertex  2.896517e-01  2.887000e-01  8.865741e-01
     vertex  2.870517e-01  2.861000e-01  8.865741e-01
     vertex  2.900000e-01  2.874000e-01  8.865741e-01
   endloop
 endfacet
 facet normal  0.000000e+00  0.000000e+00  1.000000e+00
   outer loop
     vertex  2.887000e-01  2.896517e-01  8.865741e-01
     vertex  2.861000e-01  2.870517e-01  8.865741e-01
     vertex  2.870517e-01  2.861000e-01  8.865741e-01
   endloop
 endfacet
 facet normal  8.621344e-12 -8.621344e-12  1.000000e+00
   outer loop
     vertex  2.887000e-01  2.896517e-01  8.865741e-01
     vertex  2.874000e-01  2.900000e-01  8.865741e-01
     vertex  2.861000e-01  2.870517e-01  8.865741e-01
   endloop
 endfacet
 facet normal  0.000000e+00  0.000000e+00  1.000000e+00
   outer loop
     vertex  2.887000e-01  2.896517e-01  8.865741e-01
     vertex  2.870517e-01  2.861000e-01  8.865741e-01
     vertex  2.896517e-01  2.887000e-01  8.865741e-01
   endloop
 endfacet
 facet normal -9.659258e-01 -2.588190e-01  3.678040e-14
   outer loop
     vertex  2.870517e-01  2.861000e-01  8.865741e-01
     vertex  2.870517e-01  2.861000e-01  8.657407e-02
     vertex  2.874000e-01  2.848000e-01  8.657407e-02
   endloop
 endfacet
 facet normal -9.659258e-01 -2.588190e-01  1.839021e-14
   outer loop
     vertex  2.870517e-01  2.861000e-01  8.865741e-01
     vertex  2.874000e-01  2.848000e-01  8.657407e-02
     vertex  2.874000e-01  2.848000e-01  8.865741e-01
   endloop
 endfacet
 facet normal -7.071068e-01 -7.071068e-01  1.004859e-13
   outer loop
     vertex  2.861000e-01  2.870517e-01  8.865741e-01
     vertex  2.861000e-01  2.870517e-01  8.657407e-02
     vertex  2.870517e-01  2.861000e-01  8.657407e-02
   endloop
 endfacet
 facet normal -7.071068e-01 -7.071068e-01  1.004859e-13
   outer loop
     vertex  2.861000e-01  2.870517e-01  8.865741e-01
     vertex  2.870517e-01  2.861000e-01  8.657407e-02
     vertex  2.870517e-01  2.861000e-01  8.865741e-01
   endloop
 endfacet
 facet normal -2.588190e-01 -9.659258e-01  6.863316e-14
   outer loop
     vertex  2.848000e-01  2.874000e-01  8.865741e-01
     vertex  2.848000e-01  2.874000e-01  8.657407e-02
     vertex  2.861000e-01  2.870517e-01  8.657407e-02
   endloop
 endfacet
 facet normal -2.588190e-01 -9.659258e-01  1.372663e-13
   outer loop
     vertex  2.848000e-01  2.874000e-01  8.865741e-01
     vertex  2.861000e-01  2.870517e-01  8.657407e-02
     vertex  2.861000e-01  2.870517e-01  8.865741e-01
   endloop
 endfacet
 facet normal  0.000000e+00 -1.000000e+00  7.105427e-14
   outer loop
     vertex  2.452000e-01  2.874000e-01  8.865741e-01
     vertex  2.452000e-01  2.874000e-01  8.657407e-02
     vertex  2.848000e-01  2.874000e-01  8.657407e-02
   endloop
 endfacet
 facet normal  0.000000e+00 -1.000000e+00  7.105427e-14
   outer loop
     vertex  2.848000e-01  2.874000e-01  8.865741e-01
     vertex  2.452000e-01  2.874000e-01  8.865741e-01
     vertex  2.848000e-01  2.874000e-01  8.657407e-02
   endloop
 endfacet
 facet normal  2.588190e-01 -9.659258e-01  1.372663e-13
   outer loop
     vertex  2.439000e-01  2.870517e-01  8.865741e-01
     vertex  2.439000e-01  2.870517e-01  8.657407e-02
     vertex  2.452000e-01  2.874000e-01  8.657407e-02
   endloop
 endfacet
 facet normal  2.588190e-01 -9.659258e-01  6.863314e-14
   outer loop
     vertex  2.439000e-01  2.870517e-01  8.865741e-01
     vertex  2.452000e-01  2.874000e-01  8.657407e-02
     vertex  2.452000e-01  2.874000e-01  8.865741e-01
   endloop
 endfacet
 facet normal  7.071068e-01 -7.071068e-01  1.004859e-13
   outer loop
     vertex  2.429483e-01  2.861000e-01  8.865741e-01
     vertex  2.429483e-01  2.861000e-01  8.657407e-02
     vertex  2.439000e-01  2.870517e-01  8.657407e-02
   endloop
 endfacet
 facet normal  7.071068e-01 -7.071068e-01  1.004860e-13
   outer loop
     vertex  2.429483e-01  2.861000e-01  8.865741e-01
     vertex  2.439000e-01  2.870517e-01  8.657407e-02
     vertex  2.439000e-01  2.870517e-01  8.865741e-01
   endloop
 endfacet
 facet normal  9.659258e-01 -2.588190e-01  1.839020e-14
   outer loop
     vertex  2.426000e-01  2.848000e-01  8.865741e-01
     vertex  2.426000e-01  2.848000e-01  8.657407e-02
     vertex  2.429483e-01  2.861000e-01  8.657407e-02
   endloop
 endfacet
 facet normal  9.659258e-01 -2.588190e-01  3.678042e-14
   outer loop
     vertex  2.426000e-01  2.848000e-01  8.865741e-01
     vertex  2.429483e-01  2.861000e-01  8.657407e-02
     vertex  2.429483e-01  2.861000e-01  8.865741e-01
   endloop
 endfacet
 facet normal -2.588190e-01 -9.659258e-01  6.863314e-14
   outer loop
     vertex  2.413000e-01  2.403483e-01  8.657407e-02
     vertex  2.426000e-01  2.400000e-01  8.657407e-02
     vertex  2.426000e-01  2.400000e-01  8.865741e-01
   endloop
 endfacet
 facet normal -2.588190e-01 -9.659258e-01  1.372663e-13
   outer loop
     vertex  2.413000e-01  2.403483e-01  8.657407e-02
     vertex  2.426000e-01  2.400000e-01  8.865741e-01
     vertex  2.413000e-01  2.403483e-01  8.865741e-01
   endloop
 endfacet
 facet normal -7.071068e-01 -7.071068e-01  1.004859e-13
   outer loop
     vertex  2.403483e-01  2.413000e-01  8.657407e-02
     vertex  2.413000e-01  2.403483e-01  8.865741e-01
     vertex  2.403483e-01  2.413000e-01  8.865741e-01
   endloop
 endfacet
 facet normal -7.071068e-01 -7.071068e-01  1.004860e-13
   outer loop
     vertex  2.403483e-01  2.413000e-01  8.657407e-02
     vertex  2.413000e-01  2.403483e-01  8.657407e-02
     vertex  2.413000e-01  2.403483e-01  8.865741e-01
   endloop
 endfacet
 facet normal -9.659258e-01 -2.588190e-01  1.839020e-14
   outer loop
     vertex  2.400000e-01  2.426000e-01  8.657407e-02
     vertex  2.403483e-01  2.413000e-01  8.865741e-01
     vertex  2.400000e-01  2.426000e-01  8.865741e-01
   endloop
 endfacet
 facet normal -9.659258e-01 -2.588190e-01  3.678042e-14
   outer loop
     vertex  2.400000e-01  2.426000e-01  8.657407e-02
     vertex  2.403483e-01  2.413000e-01  8.657407e-02
     vertex  2.403483e-01  2.413000e-01  8.865741e-01
   endloop
 endfacet
 facet normal -1.000000e+00  0.000000e+00  0.000000e+00
   outer loop
     vertex  2.400000e-01  2.426000e-01  8.865741e-01
     vertex  2.400000e-01  2.874000e-01  8.865741e-01
     vertex  2.400000e-01  2.874000e-01  8.657407e-02
   endloop
 endfacet
 facet normal -1.000000e+00  0.000000e+00 -0.000000e+00
   outer loop
     vertex  2.400000e-01  2.426000e-01  8.865741e-01
     vertex  2.400000e-01  2.874000e-01  8.657407e-02
     vertex  2.400000e-01  2.426000e-01  8.657407e-02
   endloop
 endfacet
 facet normal -9.659258e-01  2.588190e-01 -1.839016e-14
   outer loop
     vertex  2.403483e-01  2.887000e-01  8.657407e-02
     vertex  2.400000e-01  2.874000e-01  8.657407e-02
     vertex  2.400000e-01  2.874000e-01  8.865741e-01
   endloop
 endfacet
 facet normal -9.659258e-01  2.588190e-01 -3.678040e-14
   outer loop
     vertex  2.403483e-01  2.887000e-01  8.657407e-02
     vertex  2.400000e-01  2.874000e-01  8.865741e-01
     vertex  2.403483e-01  2.887000e-01  8.865741e-01
   endloop
 endfacet
 facet normal -7.071068e-01  7.071068e-01 -1.004859e-13
   outer loop
     vertex  2.413000e-01  2.896517e-01  8.657407e-02
     vertex  2.403483e-01  2.887000e-01  8.865741e-01
     vertex  2.413000e-01  2.896517e-01  8.865741e-01
   endloop
 endfacet
 facet normal -7.071068e-01  7.071068e-01 -1.004860e-13
   outer loop
     vertex  2.413000e-01  2.896517e-01  8.657407e-02
     vertex  2.403483e-01  2.887000e-01  8.657407e-02
     vertex  2.403483e-01  2.887000e-01  8.865741e-01
   endloop
 endfacet
 facet normal -2.588190e-01  9.659258e-01 -6.863316e-14
   outer loop
     vertex  2.426000e-01  2.900000e-01  8.657407e-02
     vertex  2.413000e-01  2.896517e-01  8.865741e-01
     vertex  2.426000e-01  2.900000e-01  8.865741e-01
   endloop
 endfacet
 facet normal -2.588190e-01  9.659258e-01 -1.372663e-13
   outer loop
     vertex  2.426000e-01  2.900000e-01  8.657407e-02
     vertex  2.413000e-01  2.896517e-01  8.657407e-02
     vertex  2.413000e-01  2.896517e-01  8.865741e-01
   endloop
 endfacet
 facet normal  0.000000e+00  1.000000e+00 -7.105427e-14
   outer loop
     vertex  2.426000e-01  2.900000e-01  8.865741e-01
     vertex  2.874000e-01  2.900000e-01  8.865741e-01
     vertex  2.874000e-01  2.900000e-01  8.657407e-02
   endloop
 endfacet
 facet normal  0.000000e+00  1.000000e+00 -7.105427e-14
   outer loop
     vertex  2.426000e-01  2.900000e-01  8.865741e-01
     vertex  2.874000e-01  2.900000e-01  8.657407e-02
     vertex  2.426000e-01  2.900000e-01  8.657407e-02
   endloop
 endfacet
 facet normal  2.588190e-01  9.659258e-01 -6.863314e-14
   outer loop
     vertex  2.887000e-01  2.896517e-01  8.657407e-02
     vertex  2.874000e-01  2.900000e-01  8.657407e-02
     vertex  2.874000e-01  2.900000e-01  8.865741e-01
   endloop
 endfacet
 facet normal  2.588190e-01  9.659258e-01 -1.372663e-13
   outer loop
     vertex  2.887000e-01  2.896517e-01  8.657407e-02
     vertex  2.874000e-01  2.900000e-01  8.865741e-01
     vertex  2.887000e-01  2.896517e-01  8.865741e-01
   endloop
 endfacet
 facet normal  7.071068e-01  7.071068e-01 -1.004859e-13
   outer loop
     vertex  2.896517e-01  2.887000e-01  8.657407e-02
     vertex  2.887000e-01  2.896517e-01  8.865741e-01
     vertex  2.896517e-01  2.887000e-01  8.865741e-01
   endloop
 endfacet
 facet normal  7.071068e-01  7.071068e-01 -1.004859e-13
   outer loop
     vertex  2.896517e-01  2.887000e-01  8.657407e-02
     vertex  2.887000e-01  2.896517e-01  8.657407e-02
     vertex  2.887000e-01  2.896517e-01  8.865741e-01
   endloop
 endfacet
 facet normal  9.659258e-01  2.588190e-01 -1.839020e-14
   outer loop
     vertex  2.900000e-01  2.874000e-01  8.657407e-02
     vertex  2.896517e-01  2.887000e-01  8.865741e-01
     vertex  2.900000e-01  2.874000e-01  8.865741e-01
   endloop
 endfacet
 facet normal  9.659258e-01  2.588190e-01 -3.678038e-14
   outer loop
     vertex  2.900000e-01  2.874000e-01  8.657407e-02
     vertex  2.896517e-01  2.887000e-01  8.657407e-02
     vertex  2.896517e-01  2.887000e-01  8.865741e-01
   endloop
 endfacet
 facet normal  1.000000e+00  0.000000e+00  0.000000e+00
   outer loop
     vertex  2.900000e-01  2.874000e-01  8.865741e-01
     vertex  2.900000e-01  2.426000e-01  8.865741e-01
     vertex  2.900000e-01  2.426000e-01  8.657407e-02
   endloop
 endfacet
 facet normal  1.000000e+00  0.000000e+00  0.000000e+00
   outer loop
     vertex  2.900000e-01  2.874000e-01  8.865741e-01
     vertex  2.900000e-01  2.426000e-01  8.657407e-02
     vertex  2.900000e-01  2.874000e-01  8.657407e-02
   endloop
 endfacet
 facet normal  9.659258e-01 -2.588190e-01  1.839021e-14
   outer loop
     vertex  2.896517e-01  2.413000e-01  8.657407e-02
     vertex  2.900000e-01  2.426000e-01  8.657407e-02
     vertex  2.900000e-01  2.426000e-01  8.865741e-01
   endloop
 endfacet
 facet normal  9.659258e-01 -2.588190e-01  3.678040e-14
   outer loop
     vertex  2.896517e-01  2.413000e-01  8.657407e-02
     vertex  2.900000e-01  2.426000e-01  8.865741e-01
     vertex  2.896517e-01  2.413000e-01  8.865741e-01
   endloop
 endfacet
 facet normal  7.071068e-01 -7.071068e-01  1.004859e-13
   outer loop
     vertex  2.887000e-01  2.403483e-01  8.657407e-02
     vertex  2.896517e-01  2.413000e-01  8.865741e-01
     vertex  2.887000e-01  2.403483e-01  8.865741e-01
   endloop
 endfacet
 facet normal  7.071068e-01 -7.071068e-01  1.004859e-13
   outer loop
     vertex  2.887000e-01  2.403483e-01  8.657407e-02
     vertex  2.896517e-01  2.413000e-01  8.657407e-02
     vertex  2.896517e-01  2.413000e-01  8.865741e-01
   endloop
 endfacet
 facet normal  2.588190e-01 -9.659258e-01  6.863316e-14
   outer loop
     vertex  2.874000e-01  2.400000e-01  8.657407e-02
     vertex  2.887000e-01  2.403483e-01  8.865741e-01
     vertex  2.874000e-01  2.400000e-01  8.865741e-01
   endloop
 endfacet
 facet normal  2.588190e-01 -9.659258e-01  1.372663e-13
   outer loop
     vertex  2.874000e-01  2.400000e-01  8.657407e-02
     vertex  2.887000e-01  2.403483e-01  8.657407e-02
     vertex  2.887000e-01  2.403483e-01  8.865741e-01
   endloop
 endfacet
 facet normal  0.000000e+00 -1.000000e+00  7.105427e-14
   outer loop
     vertex  2.874000e-01  2.400000e-01  8.865741e-01
     vertex  2.426000e-01  2.400000e-01  8.865741e-01
     vertex  2.426000e-01  2.400000e-01  8.657407e-02
   endloop
 endfacet
 facet normal  0.000000e+00 -1.000000e+00  7.105427e-14
   outer loop
     vertex  2.874000e-01  2.400000e-01  8.865741e-01
     vertex  2.426000e-01  2.400000e-01  8.657407e-02
     vertex  2.874000e-01  2.400000e-01  8.657407e-02
   endloop
 endfacet
endsolid
