solid 
 facet normal  2.505628e-01 -2.505628e-01  9.351131e-01
   outer loop
     vertex  2.990000e-01 -2.995000e-01  9.064401e-01
     vertex  2.995000e-01 -2.990000e-01  9.064401e-01
     vertex  2.990000e-01 -2.990000e-01  9.065741e-01
   endloop
 endfacet
 facet normal  9.351131e-01 -2.505628e-01  2.505628e-01
   outer loop
     vertex  2.998660e-01 -2.995000e-01  9.055741e-01
     vertex  3.000000e-01 -2.990000e-01  9.055741e-01
     vertex  2.998660e-01 -2.990000e-01  9.060741e-01
   endloop
 endfacet
 facet normal  7.028770e-01 -1.092150e-01  7.028770e-01
   outer loop
     vertex  2.996533e-01 -2.993827e-01  9.062273e-01
     vertex  2.998660e-01 -2.990000e-01  9.060741e-01
     vertex  2.995000e-01 -2.990000e-01  9.064401e-01
   endloop
 endfacet
 facet normal  3.364300e-01 -6.658885e-01  6.658885e-01
   outer loop
     vertex  2.996533e-01 -2.993827e-01  9.062273e-01
     vertex  2.990000e-01 -2.995000e-01  9.064401e-01
     vertex  2.990000e-01 -2.998660e-01  9.060741e-01
   endloop
 endfacet
 facet normal  6.658885e-01 -6.658885e-01  3.364300e-01
   outer loop
     vertex  2.996533e-01 -2.993827e-01  9.062273e-01
     vertex  2.995000e-01 -2.998660e-01  9.055741e-01
     vertex  2.998660e-01 -2.995000e-01  9.055741e-01
   endloop
 endfacet
 facet normal  3.461295e-01 -3.461295e-01  8.720027e-01
   outer loop
     vertex  2.996533e-01 -2.993827e-01  9.062273e-01
     vertex  2.995000e-01 -2.990000e-01  9.064401e-01
     vertex  2.990000e-01 -2.995000e-01  9.064401e-01
   endloop
 endfacet
 facet normal  8.720027e-01 -3.461295e-01  3.461295e-01
   outer loop
     vertex  2.996533e-01 -2.993827e-01  9.062273e-01
     vertex  2.998660e-01 -2.995000e-01  9.055741e-01
     vertex  2.998660e-01 -2.990000e-01  9.060741e-01
   endloop
 endfacet
 facet normal  1.289923e-02 -9.658455e-01  2.587975e-01
   outer loop
     vertex  2.992706e-01 -2.999239e-01  9.058447e-01
     vertex  2.990000e-01 -2.998660e-01  9.060741e-01
     vertex  2.990000e-01 -3.000000e-01  9.055741e-01
   endloop
 endfacet
 facet normal  2.587975e-01 -9.658455e-01  1.289923e-02
   outer loop
     vertex  2.992706e-01 -2.999239e-01  9.058447e-01
     vertex  2.990000e-01 -3.000000e-01  9.055741e-01
     vertex  2.995000e-01 -2.998660e-01  9.055741e-01
   endloop
 endfacet
 facet normal  3.714074e-01 -6.966434e-01  6.137952e-01
   outer loop
     vertex  2.992706e-01 -2.999239e-01  9.058447e-01
     vertex  2.996533e-01 -2.993827e-01  9.062273e-01
     vertex  2.990000e-01 -2.998660e-01  9.060741e-01
   endloop
 endfacet
 facet normal  6.137952e-01 -6.966434e-01  3.714074e-01
   outer loop
     vertex  2.992706e-01 -2.999239e-01  9.058447e-01
     vertex  2.995000e-01 -2.998660e-01  9.055741e-01
     vertex  2.996533e-01 -2.993827e-01  9.062273e-01
   endloop
 endfacet
 facet normal  2.588190e-01  0.000000e+00  9.659258e-01
   outer loop
     vertex  2.995000e-01  2.990000e-01  9.064401e-01
     vertex  2.990000e-01  2.990000e-01  9.065741e-01
     vertex  2.990000e-01 -2.990000e-01  9.065741e-01
   endloop
 endfacet
 facet normal  2.588190e-01  0.000000e+00  9.659258e-01
   outer loop
     vertex  2.995000e-01  2.990000e-01  9.064401e-01
     vertex  2.990000e-01 -2.990000e-01  9.065741e-01
     vertex  2.995000e-01 -2.990000e-01  9.064401e-01
   endloop
 endfacet
 facet normal  7.071068e-01  0.000000e+00  7.071068e-01
   outer loop
     vertex  2.998660e-01  2.990000e-01  9.060741e-01
     vertex  2.995000e-01 -2.990000e-01  9.064401e-01
     vertex  2.998660e-01 -2.990000e-01  9.060741e-01
   endloop
 endfacet
 facet normal  7.071068e-01  0.000000e+00  7.071068e-01
   outer loop
     vertex  2.998660e-01  2.990000e-01  9.060741e-01
     vertex  2.995000e-01  2.990000e-01  9.064401e-01
     vertex  2.995000e-01 -2.990000e-01  9.064401e-01
   endloop
 endfacet
 facet normal  9.659258e-01  0.000000e+00  2.588190e-01
   outer loop
     vertex  3.000000e-01  2.990000e-01  9.055741e-01
     vertex  2.998660e-01 -2.990000e-01  9.060741e-01
     vertex  3.000000e-01 -2.990000e-01  9.055741e-01
   endloop
 endfacet
 facet normal  9.659258e-01  0.000000e+00  2.588190e-01
   outer loop
     vertex  3.000000e-01  2.990000e-01  9.055741e-01
     vertex  2.998660e-01  2.990000e-01  9.060741e-01
     vertex  2.998660e-01 -2.990000e-01  9.060741e-01
   endloop
 endfacet
 facet normal  1.918765e-12  1.918765e-12  1.000000e+00
   outer loop
     vertex -2.737500e-01 -2.650000e-01  9.065741e-01
     vertex -2.990000e-01 -2.990000e-01  9.065741e-01
     vertex -2.650000e-01 -2.737500e-01  9.065741e-01
   endloop
 endfacet
 facet normal -1.069091e-11 -2.301871e-12  1.000000e+00
   outer loop
     vertex -2.850000e-01 -2.127500e-01  9.065741e-01
     vertex -2.737500e-01 -2.650000e-01  9.065741e-01
     vertex -2.650000e-01 -2.562500e-01  9.065741e-01
   endloop
 endfacet
 facet normal  3.490477e-12  7.515381e-13  1.000000e+00
   outer loop
     vertex -2.850000e-01 -2.127500e-01  9.065741e-01
     vertex -2.990000e-01 -2.990000e-01  9.065741e-01
     vertex -2.737500e-01 -2.650000e-01  9.065741e-01
   endloop
 endfacet
 facet normal  0.000000e+00  0.000000e+00  1.000000e+00
   outer loop
     vertex -2.127500e-01 -2.850000e-01  9.065741e-01
     vertex -2.562500e-01 -2.650000e-01  9.065741e-01
     vertex -2.650000e-01 -2.737500e-01  9.065741e-01
   endloop
 endfacet
 facet normal  7.515381e-13  3.490477e-12  1.000000e+00
   outer loop
     vertex -2.127500e-01 -2.850000e-01  9.065741e-01
     vertex -2.650000e-01 -2.737500e-01  9.065741e-01
     vertex -2.990000e-01 -2.990000e-01  9.065741e-01
   endloop
 endfacet
 facet normal -6.804200e-13  1.231236e-11  1.000000e+00
   outer loop
     vertex -2.040000e-01 -2.937500e-01  9.065741e-01
     vertex -2.127500e-01 -2.850000e-01  9.065741e-01
     vertex -2.990000e-01 -2.990000e-01  9.065741e-01
   endloop
 endfacet
 facet normal  1.231236e-11 -6.804200e-13  1.000000e+00
   outer loop
     vertex -2.937500e-01 -2.040000e-01  9.065741e-01
     vertex -2.990000e-01 -2.990000e-01  9.065741e-01
     vertex -2.850000e-01 -2.127500e-01  9.065741e-01
   endloop
 endfacet
 facet normal  0.000000e+00  0.000000e+00  1.000000e+00
   outer loop
     vertex -2.550000e-01 -2.127500e-01  9.065741e-01
     vertex -2.762500e-01 -2.040000e-01  9.065741e-01
     vertex -2.850000e-01 -2.127500e-01  9.065741e-01
   endloop
 endfacet
 facet normal  0.000000e+00  2.613491e-12  1.000000e+00
   outer loop
     vertex -2.550000e-01 -2.127500e-01  9.065741e-01
     vertex -2.850000e-01 -2.127500e-01  9.065741e-01
     vertex -2.650000e-01 -2.562500e-01  9.065741e-01
   endloop
 endfacet
 facet normal -9.094947e-12 -2.208773e-11  1.000000e+00
   outer loop
     vertex -2.550000e-01 -2.127500e-01  9.065741e-01
     vertex -2.637500e-01 -2.040000e-01  9.065741e-01
     vertex -2.762500e-01 -2.040000e-01  9.065741e-01
   endloop
 endfacet
 facet normal  2.428557e-12 -1.056422e-11  1.000000e+00
   outer loop
     vertex -2.127500e-01 -2.550000e-01  9.065741e-01
     vertex -2.650000e-01 -2.562500e-01  9.065741e-01
     vertex -2.562500e-01 -2.650000e-01  9.065741e-01
   endloop
 endfacet
 facet normal  0.000000e+00  0.000000e+00  1.000000e+00
   outer loop
     vertex -2.127500e-01 -2.550000e-01  9.065741e-01
     vertex -2.562500e-01 -2.650000e-01  9.065741e-01
     vertex -2.127500e-01 -2.850000e-01  9.065741e-01
   endloop
 endfacet
 facet normal -2.208773e-11 -9.094947e-12  1.000000e+00
   outer loop
     vertex -2.127500e-01 -2.550000e-01  9.065741e-01
     vertex -2.040000e-01 -2.762500e-01  9.065741e-01
     vertex -2.040000e-01 -2.637500e-01  9.065741e-01
   endloop
 endfacet
 facet normal  2.124988e-12  2.124988e-12  1.000000e+00
   outer loop
     vertex -2.127500e-01 -2.550000e-01  9.065741e-01
     vertex -2.550000e-01 -2.127500e-01  9.065741e-01
     vertex -2.650000e-01 -2.562500e-01  9.065741e-01
   endloop
 endfacet
 facet normal  0.000000e+00  0.000000e+00  1.000000e+00
   outer loop
     vertex -2.127500e-01 -2.550000e-01  9.065741e-01
     vertex -2.127500e-01 -2.850000e-01  9.065741e-01
     vertex -2.040000e-01 -2.762500e-01  9.065741e-01
   endloop
 endfacet
 facet normal  2.208773e-11 -9.094947e-12  1.000000e+00
   outer loop
     vertex -1.952500e-01 -2.550000e-01  9.065741e-01
     vertex -2.040000e-01 -2.637500e-01  9.065741e-01
     vertex -2.040000e-01 -2.762500e-01  9.065741e-01
   endloop
 endfacet
 facet normal  0.000000e+00  0.000000e+00  1.000000e+00
   outer loop
     vertex -1.952500e-01 -2.550000e-01  9.065741e-01
     vertex -2.040000e-01 -2.762500e-01  9.065741e-01
     vertex -1.952500e-01 -2.850000e-01  9.065741e-01
   endloop
 endfacet
 facet normal  0.000000e+00  0.000000e+00  1.000000e+00
   outer loop
     vertex -2.550000e-01 -1.952500e-01  9.065741e-01
     vertex -2.850000e-01 -1.952500e-01  9.065741e-01
     vertex -2.762500e-01 -2.040000e-01  9.065741e-01
   endloop
 endfacet
 facet normal -9.094947e-12  2.208773e-11  1.000000e+00
   outer loop
     vertex -2.550000e-01 -1.952500e-01  9.065741e-01
     vertex -2.762500e-01 -2.040000e-01  9.065741e-01
     vertex -2.637500e-01 -2.040000e-01  9.065741e-01
   endloop
 endfacet
 facet normal  0.000000e+00  0.000000e+00  1.000000e+00
   outer loop
     vertex -2.040000e-01 -2.462500e-01  9.065741e-01
     vertex -2.462500e-01 -2.040000e-01  9.065741e-01
     vertex -2.550000e-01 -2.127500e-01  9.065741e-01
   endloop
 endfacet
 facet normal  0.000000e+00  0.000000e+00  1.000000e+00
   outer loop
     vertex -2.040000e-01 -2.462500e-01  9.065741e-01
     vertex -2.550000e-01 -2.127500e-01  9.065741e-01
     vertex -2.127500e-01 -2.550000e-01  9.065741e-01
   endloop
 endfacet
 facet normal -3.977382e-12  1.697016e-11  1.000000e+00
   outer loop
     vertex -1.400000e-01 -2.787500e-01  9.065741e-01
     vertex -1.952500e-01 -2.850000e-01  9.065741e-01
     vertex -2.040000e-01 -2.937500e-01  9.065741e-01
   endloop
 endfacet
 facet normal  0.000000e+00  0.000000e+00  1.000000e+00
   outer loop
     vertex -2.700000e-01 -1.487500e-01  9.065741e-01
     vertex -2.850000e-01 -1.952500e-01  9.065741e-01
     vertex -2.550000e-01 -1.952500e-01  9.065741e-01
   endloop
 endfacet
 facet normal  1.697016e-11 -3.977382e-12  1.000000e+00
   outer loop
     vertex -2.787500e-01 -1.400000e-01  9.065741e-01
     vertex -2.937500e-01 -2.040000e-01  9.065741e-01
     vertex -2.850000e-01 -1.952500e-01  9.065741e-01
   endloop
 endfacet
 facet normal  9.823810e-12 -3.168971e-12  1.000000e+00
   outer loop
     vertex -2.787500e-01 -1.400000e-01  9.065741e-01
     vertex -2.850000e-01 -1.952500e-01  9.065741e-01
     vertex -2.700000e-01 -1.487500e-01  9.065741e-01
   endloop
 endfacet
 facet normal  0.000000e+00  0.000000e+00  1.000000e+00
   outer loop
     vertex -1.487500e-01 -2.700000e-01  9.065741e-01
     vertex -1.952500e-01 -2.550000e-01  9.065741e-01
     vertex -1.952500e-01 -2.850000e-01  9.065741e-01
   endloop
 endfacet
 facet normal -3.168971e-12  9.823810e-12  1.000000e+00
   outer loop
     vertex -1.487500e-01 -2.700000e-01  9.065741e-01
     vertex -1.952500e-01 -2.850000e-01  9.065741e-01
     vertex -1.400000e-01 -2.787500e-01  9.065741e-01
   endloop
 endfacet
 facet normal  0.000000e+00  0.000000e+00  1.000000e+00
   outer loop
     vertex -2.612500e-01 -1.400000e-01  9.065741e-01
     vertex -2.550000e-01 -1.952500e-01  9.065741e-01
     vertex -2.462500e-01 -2.040000e-01  9.065741e-01
   endloop
 endfacet
 facet normal  0.000000e+00  0.000000e+00  1.000000e+00
   outer loop
     vertex -2.612500e-01 -1.400000e-01  9.065741e-01
     vertex -2.700000e-01 -1.487500e-01  9.065741e-01
     vertex -2.550000e-01 -1.952500e-01  9.065741e-01
   endloop
 endfacet
 facet normal  0.000000e+00  0.000000e+00  1.000000e+00
   outer loop
     vertex -1.400000e-01 -2.612500e-01  9.065741e-01
     vertex -2.462500e-01 -2.040000e-01  9.065741e-01
     vertex -2.040000e-01 -2.462500e-01  9.065741e-01
   endloop
 endfacet
 facet normal  0.000000e+00  0.000000e+00  1.000000e+00
   outer loop
     vertex -1.400000e-01 -2.612500e-01  9.065741e-01
     vertex -1.952500e-01 -2.550000e-01  9.065741e-01
     vertex -1.487500e-01 -2.700000e-01  9.065741e-01
   endloop
 endfacet
 facet normal  0.000000e+00  0.000000e+00  1.000000e+00
   outer loop
     vertex -1.400000e-01 -2.612500e-01  9.065741e-01
     vertex -2.040000e-01 -2.462500e-01  9.065741e-01
     vertex -1.952500e-01 -2.550000e-01  9.065741e-01
   endloop
 endfacet
 facet normal  0.000000e+00  0.000000e+00  1.000000e+00
   outer loop
     vertex -1.400000e-01 -2.612500e-01  9.065741e-01
     vertex -2.612500e-01 -1.400000e-01  9.065741e-01
     vertex -2.462500e-01 -2.040000e-01  9.065741e-01
   endloop
 endfacet
 facet normal  0.000000e+00  0.000000e+00  1.000000e+00
   outer loop
     vertex -2.787500e-01 -7.000000e-02  9.065741e-01
     vertex -2.937500e-01 -2.040000e-01  9.065741e-01
     vertex -2.787500e-01 -1.400000e-01  9.065741e-01
   endloop
 endfacet
 facet normal  1.299278e-11  0.000000e+00  1.000000e+00
   outer loop
     vertex -2.700000e-01 -7.875000e-02  9.065741e-01
     vertex -2.787500e-01 -1.400000e-01  9.065741e-01
     vertex -2.700000e-01 -1.312500e-01  9.065741e-01
   endloop
 endfacet
 facet normal  1.299278e-11  0.000000e+00  1.000000e+00
   outer loop
     vertex -2.700000e-01 -7.875000e-02  9.065741e-01
     vertex -2.787500e-01 -7.000000e-02  9.065741e-01
     vertex -2.787500e-01 -1.400000e-01  9.065741e-01
   endloop
 endfacet
 facet normal  0.000000e+00  1.299278e-11  1.000000e+00
   outer loop
     vertex -7.000000e-02 -2.787500e-01  9.065741e-01
     vertex -1.312500e-01 -2.700000e-01  9.065741e-01
     vertex -1.400000e-01 -2.787500e-01  9.065741e-01
   endloop
 endfacet
 facet normal  0.000000e+00  0.000000e+00  1.000000e+00
   outer loop
     vertex -7.000000e-02 -2.787500e-01  9.065741e-01
     vertex -1.400000e-01 -2.787500e-01  9.065741e-01
     vertex -2.040000e-01 -2.937500e-01  9.065741e-01
   endloop
 endfacet
 facet normal  0.000000e+00  1.299278e-11  1.000000e+00
   outer loop
     vertex -7.000000e-02 -2.787500e-01  9.065741e-01
     vertex -7.875000e-02 -2.700000e-01  9.065741e-01
     vertex -1.312500e-01 -2.700000e-01  9.065741e-01
   endloop
 endfacet
 facet normal  0.000000e+00  0.000000e+00  1.000000e+00
   outer loop
     vertex -7.000000e-02 -2.612500e-01  9.065741e-01
     vertex -1.400000e-01 -2.612500e-01  9.065741e-01
     vertex -1.312500e-01 -2.700000e-01  9.065741e-01
   endloop
 endfacet
 facet normal  0.000000e+00  0.000000e+00  1.000000e+00
   outer loop
     vertex -7.000000e-02 -2.612500e-01  9.065741e-01
     vertex -1.312500e-01 -2.700000e-01  9.065741e-01
     vertex -7.875000e-02 -2.700000e-01  9.065741e-01
   endloop
 endfacet
 facet normal  0.000000e+00  0.000000e+00  1.000000e+00
   outer loop
     vertex -2.612500e-01 -7.000000e-02  9.065741e-01
     vertex -2.700000e-01 -1.312500e-01  9.065741e-01
     vertex -2.612500e-01 -1.400000e-01  9.065741e-01
   endloop
 endfacet
 facet normal  0.000000e+00  0.000000e+00  1.000000e+00
   outer loop
     vertex -2.612500e-01 -7.000000e-02  9.065741e-01
     vertex -2.612500e-01 -1.400000e-01  9.065741e-01
     vertex -1.400000e-01 -2.612500e-01  9.065741e-01
   endloop
 endfacet
 facet normal  0.000000e+00  0.000000e+00  1.000000e+00
   outer loop
     vertex -2.612500e-01 -7.000000e-02  9.065741e-01
     vertex -2.700000e-01 -7.875000e-02  9.065741e-01
     vertex -2.700000e-01 -1.312500e-01  9.065741e-01
   endloop
 endfacet
 facet normal  0.000000e+00  0.000000e+00  1.000000e+00
   outer loop
     vertex -2.612500e-01 -7.000000e-02  9.065741e-01
     vertex -1.400000e-01 -2.612500e-01  9.065741e-01
     vertex -7.000000e-02 -2.612500e-01  9.065741e-01
   endloop
 endfacet
 facet normal -6.980722e-12  7.814241e-13  1.000000e+00
   outer loop
     vertex -2.892105e-01 -1.796051e-02  9.065741e-01
     vertex -2.937500e-01 -2.040000e-01  9.065741e-01
     vertex -2.787500e-01 -7.000000e-02  9.065741e-01
   endloop
 endfacet
 facet normal  7.814241e-13 -6.980722e-12  1.000000e+00
   outer loop
     vertex -1.796051e-02 -2.892105e-01  9.065741e-01
     vertex -7.000000e-02 -2.787500e-01  9.065741e-01
     vertex -2.040000e-01 -2.937500e-01  9.065741e-01
   endloop
 endfacet
 facet normal  2.734239e-12  2.734239e-12  1.000000e+00
   outer loop
     vertex -2.879605e-01 -1.921051e-02  9.065741e-01
     vertex -2.892105e-01 -1.796051e-02  9.065741e-01
     vertex -2.787500e-01 -7.000000e-02  9.065741e-01
   endloop
 endfacet
 facet normal  9.103498e-12  3.889284e-12  1.000000e+00
   outer loop
     vertex -2.879605e-01 -1.921051e-02  9.065741e-01
     vertex -2.787500e-01 -7.000000e-02  9.065741e-01
     vertex -2.700000e-01 -6.125000e-02  9.065741e-01
   endloop
 endfacet
 facet normal  1.994503e-12  1.099828e-11  1.000000e+00
   outer loop
     vertex -1.921051e-02 -2.879605e-01  9.065741e-01
     vertex -6.125000e-02 -2.700000e-01  9.065741e-01
     vertex -7.000000e-02 -2.787500e-01  9.065741e-01
   endloop
 endfacet
 facet normal -2.014699e-11 -1.110965e-10  1.000000e+00
   outer loop
     vertex -1.921051e-02 -2.879605e-01  9.065741e-01
     vertex -7.000000e-02 -2.787500e-01  9.065741e-01
     vertex -1.796051e-02 -2.892105e-01  9.065741e-01
   endloop
 endfacet
 facet normal  9.094947e-11  0.000000e+00  1.000000e+00
   outer loop
     vertex -1.921051e-02 -2.520395e-01  9.065741e-01
     vertex -1.921051e-02 -2.879605e-01  9.065741e-01
     vertex -1.796051e-02 -2.867105e-01  9.065741e-01
   endloop
 endfacet
 facet normal -1.894781e-12 -1.894781e-12  1.000000e+00
   outer loop
     vertex -1.921051e-02 -2.520395e-01  9.065741e-01
     vertex -7.000000e-02 -2.612500e-01  9.065741e-01
     vertex -6.125000e-02 -2.700000e-01  9.065741e-01
   endloop
 endfacet
 facet normal  9.094947e-11  0.000000e+00  1.000000e+00
   outer loop
     vertex -1.921051e-02 -2.520395e-01  9.065741e-01
     vertex -1.796051e-02 -2.867105e-01  9.065741e-01
     vertex -1.796051e-02 -2.532895e-01  9.065741e-01
   endloop
 endfacet
 facet normal -2.704287e-12  0.000000e+00  1.000000e+00
   outer loop
     vertex -1.921051e-02 -2.520395e-01  9.065741e-01
     vertex -6.125000e-02 -2.700000e-01  9.065741e-01
     vertex -1.921051e-02 -2.879605e-01  9.065741e-01
   endloop
 endfacet
 facet normal  0.000000e+00  0.000000e+00  1.000000e+00
   outer loop
     vertex -2.520395e-01 -1.921051e-02  9.065741e-01
     vertex -2.879605e-01 -1.921051e-02  9.065741e-01
     vertex -2.700000e-01 -6.125000e-02  9.065741e-01
   endloop
 endfacet
 facet normal  0.000000e+00  0.000000e+00  1.000000e+00
   outer loop
     vertex -2.520395e-01 -1.921051e-02  9.065741e-01
     vertex -2.532895e-01 -1.796051e-02  9.065741e-01
     vertex -2.867105e-01 -1.796051e-02  9.065741e-01
   endloop
 endfacet
 facet normal  0.000000e+00  0.000000e+00  1.000000e+00
   outer loop
     vertex -2.520395e-01 -1.921051e-02  9.065741e-01
     vertex -2.867105e-01 -1.796051e-02  9.065741e-01
     vertex -2.879605e-01 -1.921051e-02  9.065741e-01
   endloop
 endfacet
 facet normal  0.000000e+00  0.000000e+00  1.000000e+00
   outer loop
     vertex -2.520395e-01 -1.921051e-02  9.065741e-01
     vertex -2.700000e-01 -6.125000e-02  9.065741e-01
     vertex -2.612500e-01 -7.000000e-02  9.065741e-01
   endloop
 endfacet
 facet normal -3.401656e-12  3.401656e-12  1.000000e+00
   outer loop
     vertex  1.671051e-02 -2.879605e-01  9.065741e-01
     vertex -1.671051e-02 -2.879605e-01  9.065741e-01
     vertex -1.796051e-02 -2.892105e-01  9.065741e-01
   endloop
 endfacet
 facet normal  0.000000e+00 -9.094947e-11  1.000000e+00
   outer loop
     vertex  1.671051e-02 -2.879605e-01  9.065741e-01
     vertex -1.796051e-02 -2.892105e-01  9.065741e-01
     vertex  1.796051e-02 -2.892105e-01  9.065741e-01
   endloop
 endfacet
 facet normal  0.000000e+00  0.000000e+00  1.000000e+00
   outer loop
     vertex -2.879605e-01  1.671051e-02  9.065741e-01
     vertex -2.892105e-01  1.796051e-02  9.065741e-01
     vertex -2.892105e-01 -1.796051e-02  9.065741e-01
   endloop
 endfacet
 facet normal -9.435113e-11  3.401656e-12  1.000000e+00
   outer loop
     vertex -2.879605e-01  1.671051e-02  9.065741e-01
     vertex -2.892105e-01 -1.796051e-02  9.065741e-01
     vertex -2.879605e-01 -1.671051e-02  9.065741e-01
   endloop
 endfacet
 facet normal  0.000000e+00  0.000000e+00  1.000000e+00
   outer loop
     vertex -2.507895e-01 -1.796051e-02  9.065741e-01
     vertex -2.520395e-01 -1.921051e-02  9.065741e-01
     vertex -2.612500e-01 -7.000000e-02  9.065741e-01
   endloop
 endfacet
 facet normal -2.288123e-11  1.138307e-10  1.000000e+00
   outer loop
     vertex -1.796051e-02 -2.507895e-01  9.065741e-01
     vertex -7.000000e-02 -2.612500e-01  9.065741e-01
     vertex -1.921051e-02 -2.520395e-01  9.065741e-01
   endloop
 endfacet
 facet normal  0.000000e+00  0.000000e+00  1.000000e+00
   outer loop
     vertex -1.796051e-02 -2.507895e-01  9.065741e-01
     vertex -2.507895e-01 -1.796051e-02  9.065741e-01
     vertex -2.612500e-01 -7.000000e-02  9.065741e-01
   endloop
 endfacet
 facet normal  0.000000e+00  0.000000e+00  1.000000e+00
   outer loop
     vertex -1.796051e-02 -2.507895e-01  9.065741e-01
     vertex -2.612500e-01 -7.000000e-02  9.065741e-01
     vertex -7.000000e-02 -2.612500e-01  9.065741e-01
   endloop
 endfacet
 facet normal  0.000000e+00 -9.094947e-11  1.000000e+00
   outer loop
     vertex -2.520395e-01 -1.671051e-02  9.065741e-01
     vertex -2.867105e-01 -1.796051e-02  9.065741e-01
     vertex -2.532895e-01 -1.796051e-02  9.065741e-01
   endloop
 endfacet
 facet normal  0.000000e+00 -9.094947e-11  1.000000e+00
   outer loop
     vertex -2.520395e-01 -1.671051e-02  9.065741e-01
     vertex -2.879605e-01 -1.671051e-02  9.065741e-01
     vertex -2.867105e-01 -1.796051e-02  9.065741e-01
   endloop
 endfacet
 facet normal  0.000000e+00  0.000000e+00  1.000000e+00
   outer loop
     vertex -1.671051e-02 -2.520395e-01  9.065741e-01
     vertex -1.796051e-02 -2.867105e-01  9.065741e-01
     vertex -1.671051e-02 -2.879605e-01  9.065741e-01
   endloop
 endfacet
 facet normal  0.000000e+00  0.000000e+00  1.000000e+00
   outer loop
     vertex -1.671051e-02 -2.520395e-01  9.065741e-01
     vertex -1.796051e-02 -2.532895e-01  9.065741e-01
     vertex -1.796051e-02 -2.867105e-01  9.065741e-01
   endloop
 endfacet
 facet normal  0.000000e+00  3.401656e-12  1.000000e+00
   outer loop
     vertex -2.520395e-01  1.671051e-02  9.065741e-01
     vertex -2.879605e-01 -1.671051e-02  9.065741e-01
     vertex -2.520395e-01 -1.671051e-02  9.065741e-01
   endloop
 endfacet
 facet normal  0.000000e+00  3.401656e-12  1.000000e+00
   outer loop
     vertex -2.520395e-01  1.671051e-02  9.065741e-01
     vertex -2.879605e-01  1.671051e-02  9.065741e-01
     vertex -2.879605e-01 -1.671051e-02  9.065741e-01
   endloop
 endfacet
 facet normal -3.401656e-12  0.000000e+00  1.000000e+00
   outer loop
     vertex  1.671051e-02 -2.520395e-01  9.065741e-01
     vertex -1.671051e-02 -2.879605e-01  9.065741e-01
     vertex  1.671051e-02 -2.879605e-01  9.065741e-01
   endloop
 endfacet
 facet normal -3.401656e-12  0.000000e+00  1.000000e+00
   outer loop
     vertex  1.671051e-02 -2.520395e-01  9.065741e-01
     vertex -1.671051e-02 -2.520395e-01  9.065741e-01
     vertex -1.671051e-02 -2.879605e-01  9.065741e-01
   endloop
 endfacet
 facet normal  9.094947e-11  0.000000e+00  1.000000e+00
   outer loop
     vertex  1.796051e-02 -2.532895e-01  9.065741e-01
     vertex  1.671051e-02 -2.879605e-01  9.065741e-01
     vertex  1.796051e-02 -2.867105e-01  9.065741e-01
   endloop
 endfacet
 facet normal  9.094947e-11  0.000000e+00  1.000000e+00
   outer loop
     vertex  1.796051e-02 -2.532895e-01  9.065741e-01
     vertex  1.671051e-02 -2.520395e-01  9.065741e-01
     vertex  1.671051e-02 -2.879605e-01  9.065741e-01
   endloop
 endfacet
 facet normal  0.000000e+00  0.000000e+00  1.000000e+00
   outer loop
     vertex -2.532895e-01  1.796051e-02  9.065741e-01
     vertex -2.867105e-01  1.796051e-02  9.065741e-01
     vertex -2.879605e-01  1.671051e-02  9.065741e-01
   endloop
 endfacet
 facet normal  0.000000e+00  0.000000e+00  1.000000e+00
   outer loop
     vertex -2.532895e-01  1.796051e-02  9.065741e-01
     vertex -2.879605e-01  1.671051e-02  9.065741e-01
     vertex -2.520395e-01  1.671051e-02  9.065741e-01
   endloop
 endfacet
 facet normal  0.000000e+00  0.000000e+00  1.000000e+00
   outer loop
     vertex  1.921051e-02 -2.520395e-01  9.065741e-01
     vertex  1.796051e-02 -2.867105e-01  9.065741e-01
     vertex  1.921051e-02 -2.879605e-01  9.065741e-01
   endloop
 endfacet
 facet normal  0.000000e+00  0.000000e+00  1.000000e+00
   outer loop
     vertex  1.921051e-02 -2.520395e-01  9.065741e-01
     vertex  1.796051e-02 -2.532895e-01  9.065741e-01
     vertex  1.796051e-02 -2.867105e-01  9.065741e-01
   endloop
 endfacet
 facet normal  0.000000e+00  0.000000e+00  1.000000e+00
   outer loop
     vertex  1.796051e-02 -2.507895e-01  9.065741e-01
     vertex -1.796051e-02 -2.507895e-01  9.065741e-01
     vertex -1.671051e-02 -2.520395e-01  9.065741e-01
   endloop
 endfacet
 facet normal -3.401656e-12  9.435113e-11  1.000000e+00
   outer loop
     vertex  1.796051e-02 -2.507895e-01  9.065741e-01
     vertex -1.671051e-02 -2.520395e-01  9.065741e-01
     vertex  1.671051e-02 -2.520395e-01  9.065741e-01
   endloop
 endfacet
 facet normal  0.000000e+00 -9.094947e-11  1.000000e+00
   outer loop
     vertex -2.520395e-01  1.921051e-02  9.065741e-01
     vertex -2.879605e-01  1.921051e-02  9.065741e-01
     vertex -2.867105e-01  1.796051e-02  9.065741e-01
   endloop
 endfacet
 facet normal  0.000000e+00 -9.094947e-11  1.000000e+00
   outer loop
     vertex -2.520395e-01  1.921051e-02  9.065741e-01
     vertex -2.867105e-01  1.796051e-02  9.065741e-01
     vertex -2.532895e-01  1.796051e-02  9.065741e-01
   endloop
 endfacet
 facet normal -3.401656e-12  3.401656e-12  1.000000e+00
   outer loop
     vertex -2.507895e-01  1.796051e-02  9.065741e-01
     vertex -2.520395e-01  1.671051e-02  9.065741e-01
     vertex -2.520395e-01 -1.671051e-02  9.065741e-01
   endloop
 endfacet
 facet normal  9.094947e-11  0.000000e+00  1.000000e+00
   outer loop
     vertex -2.507895e-01  1.796051e-02  9.065741e-01
     vertex -2.520395e-01 -1.671051e-02  9.065741e-01
     vertex -2.507895e-01 -1.796051e-02  9.065741e-01
   endloop
 endfacet
 facet normal -1.110965e-10  2.014699e-11  1.000000e+00
   outer loop
     vertex -2.787500e-01  7.000000e-02  9.065741e-01
     vertex -2.892105e-01  1.796051e-02  9.065741e-01
     vertex -2.879605e-01  1.921051e-02  9.065741e-01
   endloop
 endfacet
 facet normal  1.099828e-11 -1.994503e-12  1.000000e+00
   outer loop
     vertex -2.700000e-01  6.125000e-02  9.065741e-01
     vertex -2.787500e-01  7.000000e-02  9.065741e-01
     vertex -2.879605e-01  1.921051e-02  9.065741e-01
   endloop
 endfacet
 facet normal  0.000000e+00  2.704287e-12  1.000000e+00
   outer loop
     vertex -2.700000e-01  6.125000e-02  9.065741e-01
     vertex -2.879605e-01  1.921051e-02  9.065741e-01
     vertex -2.520395e-01  1.921051e-02  9.065741e-01
   endloop
 endfacet
 facet normal  0.000000e+00  0.000000e+00  1.000000e+00
   outer loop
     vertex  6.125000e-02 -2.700000e-01  9.065741e-01
     vertex  1.921051e-02 -2.520395e-01  9.065741e-01
     vertex  1.921051e-02 -2.879605e-01  9.065741e-01
   endloop
 endfacet
 facet normal -2.734239e-12  2.734239e-12  1.000000e+00
   outer loop
     vertex  7.000000e-02 -2.787500e-01  9.065741e-01
     vertex  1.921051e-02 -2.879605e-01  9.065741e-01
     vertex  1.796051e-02 -2.892105e-01  9.065741e-01
   endloop
 endfacet
 facet normal -3.889284e-12  9.103498e-12  1.000000e+00
   outer loop
     vertex  7.000000e-02 -2.787500e-01  9.065741e-01
     vertex  6.125000e-02 -2.700000e-01  9.065741e-01
     vertex  1.921051e-02 -2.879605e-01  9.065741e-01
   endloop
 endfacet
 facet normal  1.138307e-10  2.288123e-11  1.000000e+00
   outer loop
     vertex -2.612500e-01  7.000000e-02  9.065741e-01
     vertex -2.520395e-01  1.921051e-02  9.065741e-01
     vertex -2.507895e-01  1.796051e-02  9.065741e-01
   endloop
 endfacet
 facet normal -1.894781e-12  1.894781e-12  1.000000e+00
   outer loop
     vertex -2.612500e-01  7.000000e-02  9.065741e-01
     vertex -2.700000e-01  6.125000e-02  9.065741e-01
     vertex -2.520395e-01  1.921051e-02  9.065741e-01
   endloop
 endfacet
 facet normal  0.000000e+00  0.000000e+00  1.000000e+00
   outer loop
     vertex  7.000000e-02 -2.612500e-01  9.065741e-01
     vertex  1.796051e-02 -2.507895e-01  9.065741e-01
     vertex  1.921051e-02 -2.520395e-01  9.065741e-01
   endloop
 endfacet
 facet normal  0.000000e+00  0.000000e+00  1.000000e+00
   outer loop
     vertex  7.000000e-02 -2.612500e-01  9.065741e-01
     vertex  1.921051e-02 -2.520395e-01  9.065741e-01
     vertex  6.125000e-02 -2.700000e-01  9.065741e-01
   endloop
 endfacet
 facet normal  1.299278e-11  0.000000e+00  1.000000e+00
   outer loop
     vertex -2.700000e-01  1.312500e-01  9.065741e-01
     vertex -2.787500e-01  1.400000e-01  9.065741e-01
     vertex -2.787500e-01  7.000000e-02  9.065741e-01
   endloop
 endfacet
 facet normal  1.299278e-11  0.000000e+00  1.000000e+00
   outer loop
     vertex -2.700000e-01  1.312500e-01  9.065741e-01
     vertex -2.787500e-01  7.000000e-02  9.065741e-01
     vertex -2.700000e-01  7.875000e-02  9.065741e-01
   endloop
 endfacet
 facet normal  0.000000e+00  1.299278e-11  1.000000e+00
   outer loop
     vertex  1.312500e-01 -2.700000e-01  9.065741e-01
     vertex  7.875000e-02 -2.700000e-01  9.065741e-01
     vertex  7.000000e-02 -2.787500e-01  9.065741e-01
   endloop
 endfacet
 facet normal  0.000000e+00  1.299278e-11  1.000000e+00
   outer loop
     vertex  1.312500e-01 -2.700000e-01  9.065741e-01
     vertex  7.000000e-02 -2.787500e-01  9.065741e-01
     vertex  1.400000e-01 -2.787500e-01  9.065741e-01
   endloop
 endfacet
 facet normal  0.000000e+00  0.000000e+00  1.000000e+00
   outer loop
     vertex -2.612500e-01  1.400000e-01  9.065741e-01
     vertex -2.700000e-01  7.875000e-02  9.065741e-01
     vertex -2.612500e-01  7.000000e-02  9.065741e-01
   endloop
 endfacet
 facet normal  0.000000e+00  0.000000e+00  1.000000e+00
   outer loop
     vertex -2.612500e-01  1.400000e-01  9.065741e-01
     vertex -2.700000e-01  1.312500e-01  9.065741e-01
     vertex -2.700000e-01  7.875000e-02  9.065741e-01
   endloop
 endfacet
 facet normal  0.000000e+00  0.000000e+00  1.000000e+00
   outer loop
     vertex  1.400000e-01 -2.612500e-01  9.065741e-01
     vertex  7.000000e-02 -2.612500e-01  9.065741e-01
     vertex  7.875000e-02 -2.700000e-01  9.065741e-01
   endloop
 endfacet
 facet normal  0.000000e+00  0.000000e+00  1.000000e+00
   outer loop
     vertex  1.400000e-01 -2.612500e-01  9.065741e-01
     vertex  7.875000e-02 -2.700000e-01  9.065741e-01
     vertex  1.312500e-01 -2.700000e-01  9.065741e-01
   endloop
 endfacet
 facet normal -7.814241e-13 -6.980722e-12  1.000000e+00
   outer loop
     vertex  2.040000e-01 -2.937500e-01  9.065741e-01
     vertex  7.000000e-02 -2.787500e-01  9.065741e-01
     vertex  1.796051e-02 -2.892105e-01  9.065741e-01
   endloop
 endfacet
 facet normal  0.000000e+00  0.000000e+00  1.000000e+00
   outer loop
     vertex  2.040000e-01 -2.937500e-01  9.065741e-01
     vertex  1.400000e-01 -2.787500e-01  9.065741e-01
     vertex  7.000000e-02 -2.787500e-01  9.065741e-01
   endloop
 endfacet
 facet normal  3.168971e-12  9.823810e-12  1.000000e+00
   outer loop
     vertex  1.952500e-01 -2.850000e-01  9.065741e-01
     vertex  1.487500e-01 -2.700000e-01  9.065741e-01
     vertex  1.400000e-01 -2.787500e-01  9.065741e-01
   endloop
 endfacet
 facet normal  3.977382e-12  1.697016e-11  1.000000e+00
   outer loop
     vertex  1.952500e-01 -2.850000e-01  9.065741e-01
     vertex  1.400000e-01 -2.787500e-01  9.065741e-01
     vertex  2.040000e-01 -2.937500e-01  9.065741e-01
   endloop
 endfacet
 facet normal -6.980722e-12 -7.814241e-13  1.000000e+00
   outer loop
     vertex -2.937500e-01  2.040000e-01  9.065741e-01
     vertex -2.892105e-01  1.796051e-02  9.065741e-01
     vertex -2.787500e-01  7.000000e-02  9.065741e-01
   endloop
 endfacet
 facet normal  0.000000e+00  0.000000e+00  1.000000e+00
   outer loop
     vertex -2.937500e-01  2.040000e-01  9.065741e-01
     vertex -2.787500e-01  7.000000e-02  9.065741e-01
     vertex -2.787500e-01  1.400000e-01  9.065741e-01
   endloop
 endfacet
 facet normal  1.697016e-11  3.977382e-12  1.000000e+00
   outer loop
     vertex -2.850000e-01  1.952500e-01  9.065741e-01
     vertex -2.937500e-01  2.040000e-01  9.065741e-01
     vertex -2.787500e-01  1.400000e-01  9.065741e-01
   endloop
 endfacet
 facet normal  9.823810e-12  3.168971e-12  1.000000e+00
   outer loop
     vertex -2.850000e-01  1.952500e-01  9.065741e-01
     vertex -2.787500e-01  1.400000e-01  9.065741e-01
     vertex -2.700000e-01  1.487500e-01  9.065741e-01
   endloop
 endfacet
 facet normal -9.094947e-12  9.094947e-12  1.000000e+00
   outer loop
     vertex -2.637500e-01  2.040000e-01  9.065741e-01
     vertex -2.762500e-01  2.040000e-01  9.065741e-01
     vertex -2.850000e-01  1.952500e-01  9.065741e-01
   endloop
 endfacet
 facet normal -9.094947e-12 -9.094947e-12  1.000000e+00
   outer loop
     vertex -2.637500e-01  2.040000e-01  9.065741e-01
     vertex -2.850000e-01  2.127500e-01  9.065741e-01
     vertex -2.762500e-01  2.040000e-01  9.065741e-01
   endloop
 endfacet
 facet normal  0.000000e+00  0.000000e+00  1.000000e+00
   outer loop
     vertex -2.550000e-01  1.952500e-01  9.065741e-01
     vertex -2.850000e-01  1.952500e-01  9.065741e-01
     vertex -2.700000e-01  1.487500e-01  9.065741e-01
   endloop
 endfacet
 facet normal  0.000000e+00  0.000000e+00  1.000000e+00
   outer loop
     vertex -2.550000e-01  1.952500e-01  9.065741e-01
     vertex -2.700000e-01  1.487500e-01  9.065741e-01
     vertex -2.612500e-01  1.400000e-01  9.065741e-01
   endloop
 endfacet
 facet normal  0.000000e+00 -1.299278e-11  1.000000e+00
   outer loop
     vertex -2.550000e-01  1.952500e-01  9.065741e-01
     vertex -2.637500e-01  2.040000e-01  9.065741e-01
     vertex -2.850000e-01  1.952500e-01  9.065741e-01
   endloop
 endfacet
 facet normal  0.000000e+00  0.000000e+00  1.000000e+00
   outer loop
     vertex  1.952500e-01 -2.550000e-01  9.065741e-01
     vertex  1.400000e-01 -2.612500e-01  9.065741e-01
     vertex  1.487500e-01 -2.700000e-01  9.065741e-01
   endloop
 endfacet
 facet normal -2.208773e-11 -9.094947e-12  1.000000e+00
   outer loop
     vertex  1.952500e-01 -2.550000e-01  9.065741e-01
     vertex  2.040000e-01 -2.762500e-01  9.065741e-01
     vertex  2.040000e-01 -2.637500e-01  9.065741e-01
   endloop
 endfacet
 facet normal  0.000000e+00  0.000000e+00  1.000000e+00
   outer loop
     vertex  1.952500e-01 -2.550000e-01  9.065741e-01
     vertex  1.952500e-01 -2.850000e-01  9.065741e-01
     vertex  2.040000e-01 -2.762500e-01  9.065741e-01
   endloop
 endfacet
 facet normal  0.000000e+00  0.000000e+00  1.000000e+00
   outer loop
     vertex  1.952500e-01 -2.550000e-01  9.065741e-01
     vertex  1.487500e-01 -2.700000e-01  9.065741e-01
     vertex  1.952500e-01 -2.850000e-01  9.065741e-01
   endloop
 endfacet
 facet normal  0.000000e+00  0.000000e+00  1.000000e+00
   outer loop
     vertex -2.462500e-01  2.040000e-01  9.065741e-01
     vertex -2.550000e-01  1.952500e-01  9.065741e-01
     vertex -2.612500e-01  1.400000e-01  9.065741e-01
   endloop
 endfacet
 facet normal  0.000000e+00  0.000000e+00  1.000000e+00
   outer loop
     vertex  2.040000e-01 -2.462500e-01  9.065741e-01
     vertex  1.400000e-01 -2.612500e-01  9.065741e-01
     vertex  1.952500e-01 -2.550000e-01  9.065741e-01
   endloop
 endfacet
 facet normal  0.000000e+00  1.299278e-11  1.000000e+00
   outer loop
     vertex -2.550000e-01  2.127500e-01  9.065741e-01
     vertex -2.850000e-01  2.127500e-01  9.065741e-01
     vertex -2.637500e-01  2.040000e-01  9.065741e-01
   endloop
 endfacet
 facet normal  2.208773e-11 -9.094947e-12  1.000000e+00
   outer loop
     vertex  2.127500e-01 -2.550000e-01  9.065741e-01
     vertex  2.040000e-01 -2.637500e-01  9.065741e-01
     vertex  2.040000e-01 -2.762500e-01  9.065741e-01
   endloop
 endfacet
 facet normal  0.000000e+00  0.000000e+00  1.000000e+00
   outer loop
     vertex  2.127500e-01 -2.550000e-01  9.065741e-01
     vertex  2.040000e-01 -2.762500e-01  9.065741e-01
     vertex  2.127500e-01 -2.850000e-01  9.065741e-01
   endloop
 endfacet
 facet normal  0.000000e+00  0.000000e+00  1.000000e+00
   outer loop
     vertex -2.650000e-01  2.562500e-01  9.065741e-01
     vertex -2.850000e-01  2.127500e-01  9.065741e-01
     vertex -2.550000e-01  2.127500e-01  9.065741e-01
   endloop
 endfacet
 facet normal -2.613491e-12  0.000000e+00  1.000000e+00
   outer loop
     vertex  2.562500e-01 -2.650000e-01  9.065741e-01
     vertex  2.127500e-01 -2.550000e-01  9.065741e-01
     vertex  2.127500e-01 -2.850000e-01  9.065741e-01
   endloop
 endfacet
 facet normal  2.301871e-12 -1.069091e-11  1.000000e+00
   outer loop
     vertex  2.650000e-01 -2.737500e-01  9.065741e-01
     vertex  2.562500e-01 -2.650000e-01  9.065741e-01
     vertex  2.127500e-01 -2.850000e-01  9.065741e-01
   endloop
 endfacet
 facet normal  0.000000e+00  0.000000e+00  1.000000e+00
   outer loop
     vertex -2.737500e-01  2.650000e-01  9.065741e-01
     vertex -2.850000e-01  2.127500e-01  9.065741e-01
     vertex -2.650000e-01  2.562500e-01  9.065741e-01
   endloop
 endfacet
 facet normal -7.515381e-13  3.490477e-12  1.000000e+00
   outer loop
     vertex  2.990000e-01 -2.990000e-01  9.065741e-01
     vertex  2.650000e-01 -2.737500e-01  9.065741e-01
     vertex  2.127500e-01 -2.850000e-01  9.065741e-01
   endloop
 endfacet
 facet normal  6.804200e-13  1.231236e-11  1.000000e+00
   outer loop
     vertex  2.990000e-01 -2.990000e-01  9.065741e-01
     vertex  2.127500e-01 -2.850000e-01  9.065741e-01
     vertex  2.040000e-01 -2.937500e-01  9.065741e-01
   endloop
 endfacet
 facet normal  1.231236e-11  6.804200e-13  1.000000e+00
   outer loop
     vertex -2.990000e-01  2.990000e-01  9.065741e-01
     vertex -2.937500e-01  2.040000e-01  9.065741e-01
     vertex -2.850000e-01  2.127500e-01  9.065741e-01
   endloop
 endfacet
 facet normal  3.490477e-12 -7.515381e-13  1.000000e+00
   outer loop
     vertex -2.990000e-01  2.990000e-01  9.065741e-01
     vertex -2.850000e-01  2.127500e-01  9.065741e-01
     vertex -2.737500e-01  2.650000e-01  9.065741e-01
   endloop
 endfacet
 facet normal  1.918765e-12 -1.918765e-12  1.000000e+00
   outer loop
     vertex -2.650000e-01  2.737500e-01  9.065741e-01
     vertex -2.990000e-01  2.990000e-01  9.065741e-01
     vertex -2.737500e-01  2.650000e-01  9.065741e-01
   endloop
 endfacet
 facet normal -1.918765e-12  1.918765e-12  1.000000e+00
   outer loop
     vertex  2.737500e-01 -2.650000e-01  9.065741e-01
     vertex  2.650000e-01 -2.737500e-01  9.065741e-01
     vertex  2.990000e-01 -2.990000e-01  9.065741e-01
   endloop
 endfacet
 facet normal  0.000000e+00  0.000000e+00  1.000000e+00
   outer loop
     vertex -1.651962e-01  2.020000e-01  9.065741e-01
     vertex -2.462500e-01  2.040000e-01  9.065741e-01
     vertex -2.612500e-01  1.400000e-01  9.065741e-01
   endloop
 endfacet
 facet normal  0.000000e+00  0.000000e+00  1.000000e+00
   outer loop
     vertex -1.630000e-01  1.998038e-01  9.065741e-01
     vertex -1.651962e-01  2.020000e-01  9.065741e-01
     vertex -2.612500e-01  1.400000e-01  9.065741e-01
   endloop
 endfacet
 facet normal  3.765184e-12  1.525913e-10  1.000000e+00
   outer loop
     vertex -1.660000e-01  2.050000e-01  9.065741e-01
     vertex -2.462500e-01  2.040000e-01  9.065741e-01
     vertex -1.651962e-01  2.020000e-01  9.065741e-01
   endloop
 endfacet
 facet normal  4.736274e-10 -7.781087e-10  1.000000e+00
   outer loop
     vertex -1.600000e-01  1.990000e-01  9.065741e-01
     vertex -1.630000e-01  1.998038e-01  9.065741e-01
     vertex -2.612500e-01  1.400000e-01  9.065741e-01
   endloop
 endfacet
